1632
3137
3817
665
5267
3384
1338
2807
2325
2037
1990
3019
1756
2812
3395
4805
3762
3446
3532
850
915
1077
4780
5317
3406
3071
4932
2805
4407
2487
3365
2871
677
1319
5714
5172
3993
5750
2475
3803
4698
4773
3005
5061
1280
4261
5359
937
3285
1312
12422
8112
8296
8820
6586
8167
3940
5990
1161
9781
2926
10244
8912
5152
5295
6568
7030
11173
7300
7610
4144
5161
3157
1278
1049
7303
10072
8516
5916
2786
10128
8657
6713
11104
3845
6762
8511
7477
4933
7841
9529
5564
3631
9344
6133
5871
6876
9388
11057
2217
831
3305
3346
2416
2502
835
830
2595
1945
1045
3759
1199
800
1785
1116
944
3243
1460
2184
793
2611
2003
3113
1169
1431
2522
1450
2968
3259
2910
1487
3321
2480
2615
2594
2844
1141
1099
2755
809
3028
3009
1072
2927
2724
2289
1745
3318
3144
3085
12163
3673
10175
8268
2794
4285
8315
4411
3994
7412
5456
7444
7202
6257
2645
2528
5640
4009
10682
4394
9876
3666
4582
9394
7014
8658
6724
2467
9787
7084
8242
1605
3888
2307
10928
8195
9895
3253
5226
1863
6984
6484
4760
5854
7081
5172
10696
5293
10446
6158
1661
5765
3901
4759
1962
6305
3125
3604
2536
3127
4562
5412
4761
2904
4505
4173
2008
6190
5478
2380
2489
2418
6314
8419
3535
2231
2635
3114
2564
3594
3013
5760
1899
3517
6198
5827
7716
7178
5900
2215
7099
2472
2168
2786
2445
3759
6662
2326
7061
8053
20489
23085
21018
12124
13093
27771
12541
5253
22531
7078
19051
18799
20600
7396
16216
18544
9715
19332
6707
10346
19076
12484
17514
14644
20711
9715
11924
20241
11457
24875
8564
15934
8124
20509
12332
8020
10050
14337
6273
5852
22748
19504
13762
20361
9505
14234
8001
15630
18360
11623
3040
4449
4227
3227
3085
3148
3943
3218
4642
5284
3125
2775
3317
4096
3525
3078
4643
2751
4162
4485
3428
2864
2822
3003
3937
2562
3551
2353
2779
2350
4601
3576
3013
2668
4540
3417
3380
2600
2723
4033
3028
2905
3995
2842
4721
2997
3044
3113
2919
2473
9739
5669
13032
9279
14229
7561
11370
6108
7799
7701
7824
12463
7561
6319
15288
12400
9163
8696
6162
13658
10667
10247
12180
11753
10075
7860
14222
7565
10225
8049
11392
14829
12285
6798
6466
9224
14381
11189
15618
10792
11394
6350
9343
15015
12482
14681
9306
10728
14215
11031
2668
2982
3004
2492
3143
3118
2703
3192
2983
3027
3027
2899
2881
3012
2904
3024
3636
3211
3110
2411
3101
3863
2859
3267
3420
2894
3646
2884
2478
3105
3392
3019
2547
3654
3143
3290
2459
2618
3509
3429
3459
2608
3485
2883
3014
3175
3352
3101
3077
3397
9533
10328
11606
8854
8058
9915
10487
9140
10731
9295
11175
10688
8431
10036
10440
8935
8455
10481
7821
10063
8443
8305
8931
10917
10351
10926
10893
9339
7612
7983
8312
8956
8236
9801
8302
9991
9351
7448
7960
9845
10669
10984
10545
7634
11051
9404
8150
10075
10431
8009
